QUAL	errors	total	qv	p	type	species
0	15587140	960121719	31.084	0.000779114	p	fArcCen1
1	15587140	960121719	31.084	0.000779114	p	fArcCen1
2	15587076	960121708	31.084	0.000779111	p	fArcCen1
3	15573254	960121780	31.0879	0.000778414	p	fArcCen1
4	15195127	960128498	31.1955	0.000759364	p	fArcCen1
5	14655354	960140523	31.3538	0.000732182	p	fArcCen1
6	14263441	960148404	31.4724	0.000712456	p	fArcCen1
7	13963515	960154694	31.5654	0.000697365	p	fArcCen1
8	13722435	960159983	31.6416	0.000685238	p	fArcCen1
9	13535612	960163717	31.7015	0.000675843	p	fArcCen1
10	13385606	960167948	31.7503	0.0006683	p	fArcCen1
11	13270093	960171090	31.7882	0.000662492	p	fArcCen1
12	13177180	960173493	31.8189	0.000657821	p	fArcCen1
13	13107169	960175493	31.8422	0.000654302	p	fArcCen1
14	13055720	960176599	31.8594	0.000651716	p	fArcCen1
15	13016971	960177501	31.8724	0.000649768	p	fArcCen1
16	12989428	960178182	31.8817	0.000648384	p	fArcCen1
17	12971355	960178030	31.8878	0.000647476	p	fArcCen1
18	12967772	960177683	31.889	0.000647296	p	fArcCen1
19	12968231	960177451	31.8888	0.00064732	p	fArcCen1
20	12973996	960176777	31.8869	0.00064761	p	fArcCen1
21	12987800	960176275	31.8822	0.000648304	p	fArcCen1
22	13005917	960175262	31.8761	0.000649215	p	fArcCen1
23	13031615	960174249	31.8675	0.000650506	p	fArcCen1
24	13060165	960172775	31.8579	0.000651942	p	fArcCen1
25	13089397	960171033	31.8481	0.000653412	p	fArcCen1
26	13122549	960170127	31.8371	0.000655078	p	fArcCen1
27	13156544	960168246	31.8257	0.000656788	p	fArcCen1
28	13193507	960166570	31.8135	0.000658646	p	fArcCen1
29	13230723	960165096	31.8012	0.000660518	p	fArcCen1
30	13270766	960163958	31.7879	0.000662531	p	fArcCen1
31	13311608	960161508	31.7745	0.000664585	p	fArcCen1
32	13352084	960158987	31.7612	0.000666621	p	fArcCen1
33	13392630	960156397	31.7479	0.000668661	p	fArcCen1
34	13433819	960154289	31.7345	0.000670733	p	fArcCen1
35	13476793	960152190	31.7205	0.000672894	p	fArcCen1
36	13518916	960150080	31.7069	0.000675013	p	fArcCen1
37	13561946	960147679	31.693	0.000677178	p	fArcCen1
38	13604940	960145604	31.6791	0.000679341	p	fArcCen1
39	13647071	960143667	31.6656	0.000681461	p	fArcCen1
40	13689860	960140952	31.6519	0.000683614	p	fArcCen1
41	13733447	960139650	31.638	0.000685806	p	fArcCen1
42	13777601	960136830	31.6239	0.000688029	p	fArcCen1
43	13817812	960133894	31.6112	0.000690053	p	fArcCen1
44	13860008	960131619	31.5978	0.000692176	p	fArcCen1
45	13902252	960130111	31.5845	0.000694302	p	fArcCen1
46	13942353	960127591	31.5719	0.00069632	p	fArcCen1
47	13982542	960126492	31.5593	0.000698342	p	fArcCen1
48	14023206	960125435	31.5466	0.000700388	p	fArcCen1
49	14063072	960123628	31.5342	0.000702395	p	fArcCen1
50	14103606	960121667	31.5216	0.000704435	p	fArcCen1
51	14144851	960119637	31.5088	0.000706511	p	fArcCen1
52	14183274	960117840	31.4969	0.000708446	p	fArcCen1
53	14222758	960116076	31.4848	0.000710433	p	fArcCen1
54	14261112	960114769	31.473	0.000712364	p	fArcCen1
55	14299471	960113083	31.4612	0.000714295	p	fArcCen1
56	14337629	960111295	31.4496	0.000716216	p	fArcCen1
57	14374434	960108813	31.4383	0.00071807	p	fArcCen1
58	14411443	960107304	31.4271	0.000719933	p	fArcCen1
59	14449287	960104987	31.4156	0.000721839	p	fArcCen1
60	14483546	960102796	31.4052	0.000723564	p	fArcCen1
61	14520035	960101181	31.3942	0.000725402	p	fArcCen1
62	14555483	960099263	31.3835	0.000727187	p	fArcCen1
63	14591999	960097690	31.3726	0.000729026	p	fArcCen1
64	14628592	960096547	31.3616	0.000730869	p	fArcCen1
65	14662446	960095086	31.3515	0.000732574	p	fArcCen1
66	14697783	960093506	31.3409	0.000734353	p	fArcCen1
67	14731018	960092585	31.3311	0.000736027	p	fArcCen1
68	14764421	960091796	31.3211	0.000737709	p	fArcCen1
69	14796821	960089569	31.3115	0.000739342	p	fArcCen1
70	14831574	960086319	31.3013	0.000741094	p	fArcCen1
71	14864247	960085580	31.2916	0.000742739	p	fArcCen1
72	14896198	960084289	31.2822	0.000744348	p	fArcCen1
73	14928074	960083344	31.2729	0.000745954	p	fArcCen1
74	14960584	960081536	31.2634	0.000747592	p	fArcCen1
75	14991738	960080519	31.2542	0.000749161	p	fArcCen1
76	15022251	960079209	31.2453	0.000750699	p	fArcCen1
77	15051155	960078303	31.2369	0.000752155	p	fArcCen1
78	15082349	960077126	31.2279	0.000753726	p	fArcCen1
79	15111991	960075270	31.2193	0.00075522	p	fArcCen1
80	15141731	960073420	31.2107	0.000756719	p	fArcCen1
81	15170784	960072536	31.2023	0.000758183	p	fArcCen1
82	15199441	960071458	31.194	0.000759627	p	fArcCen1
83	15227559	960070364	31.1859	0.000761044	p	fArcCen1
84	15256651	960069307	31.1775	0.00076251	p	fArcCen1
85	15285578	960068384	31.1693	0.000763968	p	fArcCen1
86	15313394	960067137	31.1613	0.000765369	p	fArcCen1
87	15339672	960065924	31.1538	0.000766694	p	fArcCen1
88	15368138	960064356	31.1457	0.000768129	p	fArcCen1
89	15395591	960063730	31.1378	0.000769512	p	fArcCen1
90	15421610	960062791	31.1305	0.000770824	p	fArcCen1
91	15449518	960062048	31.1225	0.00077223	p	fArcCen1
92	15476177	960061486	31.115	0.000773573	p	fArcCen1
93	15501653	960060524	31.1078	0.000774857	p	fArcCen1
0	21454098	1024784802	29.9697	0.00100699	a	fArcCen1
1	21454098	1024784802	29.9697	0.00100699	a	fArcCen1
2	21453926	1024784848	29.9698	0.00100698	a	fArcCen1
3	21427521	1024783385	29.9752	0.00100573	a	fArcCen1
4	20787308	1024788076	30.1082	0.000975384	a	fArcCen1
5	19889410	1024801548	30.3019	0.000932844	a	fArcCen1
6	19214772	1024812023	30.4532	0.000900906	a	fArcCen1
7	18681496	1024822214	30.5766	0.000875674	a	fArcCen1
8	18260443	1024830357	30.6765	0.000855761	a	fArcCen1
9	17913858	1024837785	30.7604	0.000839375	a	fArcCen1
10	17630598	1024844558	30.8303	0.000825987	a	fArcCen1
11	17407010	1024850354	30.8862	0.000815421	a	fArcCen1
12	17218153	1024855190	30.934	0.000806499	a	fArcCen1
13	17064676	1024858886	30.9732	0.000799249	a	fArcCen1
14	16940357	1024862460	31.0052	0.000793377	a	fArcCen1
15	16840224	1024865001	31.0312	0.000788648	a	fArcCen1
16	16756669	1024867038	31.0529	0.000784703	a	fArcCen1
17	16692487	1024869020	31.0698	0.000781672	a	fArcCen1
18	16641443	1024869652	31.0832	0.000779263	a	fArcCen1
19	16603891	1024870709	31.0931	0.00077749	a	fArcCen1
20	16575264	1024871120	31.1006	0.000776138	a	fArcCen1
21	16558607	1024870939	31.105	0.000775352	a	fArcCen1
22	16548265	1024870866	31.1077	0.000774864	a	fArcCen1
23	16546230	1024870594	31.1083	0.000774769	a	fArcCen1
24	16549884	1024869909	31.1073	0.000774942	a	fArcCen1
25	16557572	1024869338	31.1053	0.000775305	a	fArcCen1
26	16568383	1024868745	31.1024	0.000775815	a	fArcCen1
27	16583680	1024868182	31.0984	0.000776538	a	fArcCen1
28	16601135	1024867109	31.0938	0.000777362	a	fArcCen1
29	16621597	1024865616	31.0884	0.000778329	a	fArcCen1
30	16643934	1024864299	31.0825	0.000779384	a	fArcCen1
31	16667322	1024862479	31.0763	0.000780489	a	fArcCen1
32	16692433	1024860919	31.0697	0.000781676	a	fArcCen1
33	16717359	1024858873	31.0632	0.000782854	a	fArcCen1
34	16743065	1024857295	31.0565	0.000784068	a	fArcCen1
35	16769482	1024855473	31.0496	0.000785317	a	fArcCen1
36	16795521	1024854375	31.0428	0.000786546	a	fArcCen1
37	16824067	1024853047	31.0353	0.000787895	a	fArcCen1
38	16853620	1024851848	31.0276	0.000789291	a	fArcCen1
39	16883678	1024850039	31.0198	0.000790711	a	fArcCen1
40	16912500	1024848873	31.0124	0.000792073	a	fArcCen1
41	16942441	1024847568	31.0046	0.000793487	a	fArcCen1
42	16972072	1024846165	30.9969	0.000794887	a	fArcCen1
43	17001391	1024844898	30.9894	0.000796272	a	fArcCen1
44	17030240	1024843481	30.982	0.000797635	a	fArcCen1
45	17060217	1024842802	30.9743	0.000799051	a	fArcCen1
46	17089242	1024841346	30.9668	0.000800423	a	fArcCen1
47	17117854	1024839816	30.9595	0.000801775	a	fArcCen1
48	17147159	1024838430	30.952	0.00080316	a	fArcCen1
49	17175132	1024837292	30.9448	0.000804481	a	fArcCen1
50	17203286	1024835404	30.9377	0.000805812	a	fArcCen1
51	17232098	1024834045	30.9303	0.000807174	a	fArcCen1
52	17260246	1024833066	30.9232	0.000808504	a	fArcCen1
53	17288035	1024831592	30.9161	0.000809817	a	fArcCen1
54	17315362	1024830372	30.9092	0.000811109	a	fArcCen1
55	17343471	1024829171	30.9021	0.000812437	a	fArcCen1
56	17370729	1024827658	30.8952	0.000813726	a	fArcCen1
57	17398423	1024826477	30.8882	0.000815035	a	fArcCen1
58	17424614	1024825645	30.8816	0.000816272	a	fArcCen1
59	17450306	1024824734	30.8752	0.000817486	a	fArcCen1
60	17475020	1024823740	30.869	0.000818655	a	fArcCen1
61	17501032	1024822939	30.8625	0.000819884	a	fArcCen1
62	17526309	1024822127	30.8562	0.000821078	a	fArcCen1
63	17552001	1024821340	30.8497	0.000822293	a	fArcCen1
64	17577982	1024819930	30.8433	0.000823521	a	fArcCen1
65	17602671	1024819106	30.8371	0.000824688	a	fArcCen1
66	17626071	1024817938	30.8313	0.000825794	a	fArcCen1
67	17650235	1024816789	30.8253	0.000826937	a	fArcCen1
68	17674646	1024815415	30.8192	0.000828091	a	fArcCen1
69	17698071	1024814313	30.8134	0.000829199	a	fArcCen1
70	17720994	1024813311	30.8077	0.000830283	a	fArcCen1
71	17742547	1024812437	30.8024	0.000831302	a	fArcCen1
72	17765311	1024811760	30.7968	0.000832378	a	fArcCen1
73	17787741	1024811066	30.7913	0.000833438	a	fArcCen1
74	17810773	1024810131	30.7856	0.000834527	a	fArcCen1
75	17833523	1024809715	30.78	0.000835602	a	fArcCen1
76	17855283	1024808959	30.7747	0.000836631	a	fArcCen1
77	17877329	1024807929	30.7693	0.000837673	a	fArcCen1
78	17898837	1024807239	30.764	0.00083869	a	fArcCen1
79	17921088	1024806442	30.7585	0.000839742	a	fArcCen1
80	17942916	1024805553	30.7532	0.000840775	a	fArcCen1
81	17963219	1024805140	30.7482	0.000841734	a	fArcCen1
82	17984043	1024804491	30.7432	0.000842719	a	fArcCen1
83	18004255	1024803509	30.7382	0.000843675	a	fArcCen1
84	18024549	1024802910	30.7333	0.000844635	a	fArcCen1
85	18044760	1024802427	30.7284	0.00084559	a	fArcCen1
86	18062931	1024802087	30.724	0.000846449	a	fArcCen1
87	18081232	1024800347	30.7195	0.000847315	a	fArcCen1
88	18100920	1024799596	30.7148	0.000848247	a	fArcCen1
89	18120287	1024798782	30.7101	0.000849163	a	fArcCen1
90	18139894	1024798372	30.7054	0.00085009	a	fArcCen1
91	18159063	1024797992	30.7007	0.000850996	a	fArcCen1
92	18177816	1024797939	30.6962	0.000851882	a	fArcCen1
93	18197492	1024797567	30.6915	0.000852813	a	fArcCen1
0	17714468	2268475284	34.2801	0.000373246	p	rGopEvg1
1	17714468	2268475284	34.2801	0.000373246	p	rGopEvg1
2	17714173	2268475274	34.2801	3.73E-04	p	rGopEvg1
3	17667438	2268473742	34.2916	3.72E-04	p	rGopEvg1
4	16631233	2268487235	34.5551	3.50E-04	p	rGopEvg1
5	15184073	2268516172	34.9518	0.000319753	p	rGopEvg1
6	14103893	2268538078	35.2734	0.000296936	p	rGopEvg1
7	13266213	2268557490	35.5401	0.000279248	p	rGopEvg1
8	12602087	2268573064	35.7638	0.00026523	p	rGopEvg1
9	12058374	2268585695	35.9558	0.000253756	p	rGopEvg1
10	11632717	2268596469	36.1123	0.000244775	p	rGopEvg1
11	11295584	2268604967	36.2404	0.000237663	p	rGopEvg1
12	11020368	2268610741	36.3478	0.000231859	p	rGopEvg1
13	10793609	2268615499	36.4383	0.000227077	p	rGopEvg1
14	10614393	2268618998	36.5112	0.000223297	p	rGopEvg1
15	10473399	2268622097	36.5694	0.000220324	p	rGopEvg1
16	10359231	2268624053	36.6171	0.000217917	p	rGopEvg1
17	10273541	2268625259	36.6532	0.000216111	p	rGopEvg1
18	10208058	2268625905	36.6811	0.00021473	p	rGopEvg1
19	10160762	2268625665	36.7013	0.000213733	p	rGopEvg1
20	10133709	2268624681	36.7129	2.13E-04	p	rGopEvg1
21	10121455	2268623177	36.7181	2.13E-04	p	rGopEvg1
22	10123034	2268621394	36.7175	2.13E-04	p	rGopEvg1
23	10134187	2268619134	36.7127	2.13E-04	p	rGopEvg1
24	10157624	2268616289	36.7026	2.14E-04	p	rGopEvg1
25	10183437	2268613590	36.6916	2.14E-04	p	rGopEvg1
26	10217835	2268610369	36.6769	2.15E-04	p	rGopEvg1
27	10256002	2268607256	36.6606	2.16E-04	p	rGopEvg1
28	10299051	2268603823	36.6424	2.17E-04	p	rGopEvg1
29	10343762	2268598381	36.6235	2.18E-04	p	rGopEvg1
30	10392689	2268594826	36.603	2.19E-04	p	rGopEvg1
31	10447230	2268591198	36.5802	2.20E-04	p	rGopEvg1
32	10501941	2268587927	36.5575	2.21E-04	p	rGopEvg1
33	10556176	2268584059	36.535	2.22E-04	p	rGopEvg1
34	10614430	2268580507	36.5111	2.23E-04	p	rGopEvg1
35	10673777	2268577061	36.4868	2.25E-04	p	rGopEvg1
36	10731373	2268573952	36.4634	2.26E-04	p	rGopEvg1
37	10790676	2268570277	36.4394	2.27E-04	p	rGopEvg1
38	10850465	2268564707	36.4153	2.28E-04	p	rGopEvg1
39	10910496	2268561319	36.3913	2.30E-04	p	rGopEvg1
40	10970934	2268557823	36.3672	2.31E-04	p	rGopEvg1
41	11028549	2268552775	36.3444	2.32E-04	p	rGopEvg1
42	11087785	2268549046	36.3211	2.33E-04	p	rGopEvg1
43	11148124	2268545306	36.2975	2.35E-04	p	rGopEvg1
44	11204071	2268542317	36.2757	2.36E-04	p	rGopEvg1
45	11261437	2268539207	36.2534	2.37E-04	p	rGopEvg1
46	11317062	2268536014	36.232	2.38E-04	p	rGopEvg1
47	11372061	2268532492	36.2109	2.39E-04	p	rGopEvg1
48	11428402	2268529271	36.1893	2.40E-04	p	rGopEvg1
49	11484506	2268525767	36.168	2.42E-04	p	rGopEvg1
50	11541280	2268522258	36.1465	2.43E-04	p	rGopEvg1
51	11597971	2268518988	36.1252	2.44E-04	p	rGopEvg1
52	11653608	2268515595	36.1044	2.45E-04	p	rGopEvg1
53	11708336	2268512473	36.084	2.46E-04	p	rGopEvg1
54	11762574	2268509459	36.0638	2.48E-04	p	rGopEvg1
55	11816571	2268507105	36.0439	0.000248663	p	rGopEvg1
56	11869088	2268503907	36.0246	0.000249772	p	rGopEvg1
57	11922076	2268501214	36.0052	0.00025089	p	rGopEvg1
58	11974112	2268498321	35.9862	0.000251988	p	rGopEvg1
59	12026820	2268494755	35.9671	0.0002531	p	rGopEvg1
60	12079353	2268492068	35.9481	0.000254209	p	rGopEvg1
61	12130720	2268489115	35.9296	0.000255293	p	rGopEvg1
62	12180610	2268485903	35.9117	0.000256346	p	rGopEvg1
63	12231200	2268483292	35.8937	0.000257414	p	rGopEvg1
64	12280633	2268480495	35.8761	0.000258457	p	rGopEvg1
65	12330773	2268477631	35.8584	0.000259515	p	rGopEvg1
66	12381165	2268475176	35.8406	0.000260579	p	rGopEvg1
67	12431163	2268472226	35.8231	0.000261634	p	rGopEvg1
68	12477970	2268469985	35.8067	0.000262622	p	rGopEvg1
69	12526308	2268466929	35.7898	0.000263643	p	rGopEvg1
70	12572708	2268464452	35.7737	0.000264622	p	rGopEvg1
71	12618144	2268461815	35.758	0.000265581	p	rGopEvg1
72	12664759	2268459237	35.742	0.000266565	p	rGopEvg1
73	12709646	2268457109	35.7266	0.000267513	p	rGopEvg1
74	12755191	2268454864	35.711	0.000268475	p	rGopEvg1
75	12799505	2268452679	35.6959	0.00026941	p	rGopEvg1
76	12843208	2268450305	35.681	0.000270333	p	rGopEvg1
77	12888223	2268448301	35.6658	0.000271283	p	rGopEvg1
78	12930394	2268445731	35.6515	0.000272173	p	rGopEvg1
79	12973616	2268442908	35.637	0.000273086	p	rGopEvg1
80	13016910	2268439733	35.6225	0.000274	p	rGopEvg1
81	13058621	2268437287	35.6086	0.000274881	p	rGopEvg1
82	13099233	2268434390	35.595	0.000275739	p	rGopEvg1
83	13139815	2268432566	35.5816	0.000276595	p	rGopEvg1
84	13181078	2268428943	35.5679	0.000277467	p	rGopEvg1
85	13221688	2268427049	35.5545	0.000278324	p	rGopEvg1
86	13261466	2268425102	35.5414	0.000279164	p	rGopEvg1
87	13298978	2268423457	35.5291	0.000279956	p	rGopEvg1
88	13338320	2268421397	35.5162	0.000280787	p	rGopEvg1
89	13378192	2268419308	35.5032	0.000281629	p	rGopEvg1
90	13417048	2268417225	35.4906	0.00028245	p	rGopEvg1
91	13456711	2268414797	35.4777	0.000283287	p	rGopEvg1
92	13494972	2268412973	35.4654	0.000284095	p	rGopEvg1
93	13531801	2268410933	35.4535	0.000284873	p	rGopEvg1
0	26689928	1907871681	31.7351	0.000670639	a	rGopEvg1
1	26689928	1907871681	31.7351	0.000670639	a	rGopEvg1
2	26689518	1907871658	31.7352	0.000670629	a	rGopEvg1
3	26616220	1907868950	31.7472	0.000668776	a	rGopEvg1
4	25154727	1907882486	31.9941	0.000631816	a	rGopEvg1
5	23114834	1907919283	32.3637	0.000580269	a	rGopEvg1
6	21585701	1907948606	32.6627	0.000541665	a	rGopEvg1
7	20379736	1907975827	32.9137	0.00051124	a	rGopEvg1
8	19399564	1907998660	33.1289	0.000486526	a	rGopEvg1
9	18596412	1908018142	33.3135	0.000466285	a	rGopEvg1
10	17953315	1908035479	33.4671	0.000450083	a	rGopEvg1
11	17437472	1908049044	33.5943	0.000437091	a	rGopEvg1
12	17005021	1908060047	33.7038	0.000426202	a	rGopEvg1
13	16646535	1908069792	33.7968	0.000417178	a	rGopEvg1
14	16354961	1908077700	33.8739	0.000409839	a	rGopEvg1
15	16113332	1908084396	33.9388	0.000403758	a	rGopEvg1
16	15905496	1908090091	33.9954	0.000398528	a	rGopEvg1
17	15735463	1908094924	34.0423	0.00039425	a	rGopEvg1
18	15593454	1908098649	34.0818	0.000390677	a	rGopEvg1
19	15482234	1908101575	34.113	0.000387879	a	rGopEvg1
20	15386081	1908103914	34.1402	0.00038546	a	rGopEvg1
21	15313094	1908105385	34.1609	0.000383625	a	rGopEvg1
22	15262686	1908106248	34.1753	0.000382357	a	rGopEvg1
23	15225734	1908106517	34.1859	0.000381428	a	rGopEvg1
24	15201315	1908106318	34.1929	0.000380813	a	rGopEvg1
25	15187878	1908105514	34.1967	0.000380476	a	rGopEvg1
26	15177868	1908104628	34.1996	0.000380224	a	rGopEvg1
27	15177758	1908103827	34.1996	0.000380222	a	rGopEvg1
28	15185510	1908102703	34.1974	0.000380417	a	rGopEvg1
29	15194116	1908101505	34.1949	0.000380633	a	rGopEvg1
30	15207290	1908099947	34.1911	0.000380965	a	rGopEvg1
31	15223027	1908098380	34.1866	0.000381361	a	rGopEvg1
32	15241166	1908096308	34.1814	0.000381818	a	rGopEvg1
33	15263397	1908094340	34.1751	0.000382377	a	rGopEvg1
34	15287197	1908092365	34.1683	0.000382976	a	rGopEvg1
35	15311640	1908090279	34.1613	0.000383591	a	rGopEvg1
36	15337613	1908088165	34.1539	0.000384245	a	rGopEvg1
37	15363938	1908086385	34.1464	0.000384907	a	rGopEvg1
38	15390265	1908084468	34.139	0.00038557	a	rGopEvg1
39	15419886	1908082578	34.1306	0.000386315	a	rGopEvg1
40	15448114	1908080711	34.1226	0.000387025	a	rGopEvg1
41	15476497	1908078909	34.1146	0.00038774	a	rGopEvg1
42	15506386	1908077184	34.1062	0.000388492	a	rGopEvg1
43	15533183	1908075372	34.0987	0.000389166	a	rGopEvg1
44	15560969	1908073714	34.0909	0.000389865	a	rGopEvg1
45	15586625	1908072057	34.0837	0.000390511	a	rGopEvg1
46	15613368	1908070408	34.0762	0.000391184	a	rGopEvg1
47	15639830	1908069421	34.0688	0.00039185	a	rGopEvg1
48	15667153	1908067647	34.0612	0.000392537	a	rGopEvg1
49	15694893	1908066270	34.0535	0.000393235	a	rGopEvg1
50	15720458	1908064738	34.0464	0.000393879	a	rGopEvg1
51	15746473	1908063025	34.0392	0.000394533	a	rGopEvg1
52	15772731	1908061464	34.0319	0.000395194	a	rGopEvg1
53	15797741	1908060215	34.025	0.000395824	a	rGopEvg1
54	15824050	1908058929	34.0177	0.000396486	a	rGopEvg1
55	15849236	1908057632	34.0108	0.00039712	a	rGopEvg1
56	15874408	1908056522	34.0039	0.000397753	a	rGopEvg1
57	15897749	1908055490	33.9975	0.00039834	a	rGopEvg1
58	15920749	1908054055	33.9911	0.000398919	a	rGopEvg1
59	15944415	1908052610	33.9847	0.000399515	a	rGopEvg1
60	15967037	1908050224	33.9785	0.000400085	a	rGopEvg1
61	15989493	1908048875	33.9724	0.00040065	a	rGopEvg1
62	16010411	1908047894	33.9666	0.000401176	a	rGopEvg1
63	16032808	1908046603	33.9605	0.00040174	a	rGopEvg1
64	16054208	1908045838	33.9547	0.000402279	a	rGopEvg1
65	16076032	1908044767	33.9488	0.000402828	a	rGopEvg1
66	16096788	1908043802	33.9432	0.00040335	a	rGopEvg1
67	16116588	1908042710	33.9378	0.000403849	a	rGopEvg1
68	16136403	1908041649	33.9325	0.000404347	a	rGopEvg1
69	16156317	1908040921	33.9271	0.000404849	a	rGopEvg1
70	16176404	1908040046	33.9217	0.000405354	a	rGopEvg1
71	16195421	1908039254	33.9165	0.000405833	a	rGopEvg1
72	16214604	1908038366	33.9114	0.000406316	a	rGopEvg1
73	16231603	1908037237	33.9068	0.000406744	a	rGopEvg1
74	16249663	1908036612	33.9019	0.000407198	a	rGopEvg1
75	16268068	1908035881	33.897	0.000407661	a	rGopEvg1
76	16285401	1908034875	33.8924	0.000408098	a	rGopEvg1
77	16303655	1908034055	33.8875	0.000408557	a	rGopEvg1
78	16321327	1908033154	33.8827	0.000409002	a	rGopEvg1
79	16339049	1908032454	33.878	0.000409448	a	rGopEvg1
80	16356157	1908031812	33.8734	0.000409879	a	rGopEvg1
81	16373352	1908030913	33.8689	0.000410312	a	rGopEvg1
82	16390363	1908030088	33.8643	0.00041074	a	rGopEvg1
83	16407853	1908029466	33.8597	0.00041118	a	rGopEvg1
84	16424533	1908028577	33.8552	0.0004116	a	rGopEvg1
85	16439920	1908027837	33.8512	0.000411987	a	rGopEvg1
86	16455355	1908027072	33.8471	0.000412376	a	rGopEvg1
87	16470378	1908026359	33.8431	0.000412754	a	rGopEvg1
88	16485825	1908025528	33.839	0.000413143	a	rGopEvg1
89	16502767	1908024881	33.8345	0.00041357	a	rGopEvg1
90	16517318	1908024342	33.8307	0.000413936	a	rGopEvg1
91	16532593	1908023692	33.8266	0.00041432	a	rGopEvg1
92	16547625	1908023090	33.8227	0.000414699	a	rGopEvg1
93	16562208	1908022624	33.8188	0.000415066	a	rGopEvg1
0	2439063	1032974391	39.486	0.000112565	p	bTaeGut1
1	2439063	1032974391	39.486	1.13E-04	p	bTaeGut1
2	2438951	1032974385	39.4862	1.13E-04	p	bTaeGut1
3	2431668	1032973867	39.4992	1.12E-04	p	bTaeGut1
4	2268666	1032970205	39.8008	0.000104693	p	bTaeGut1
5	2042304	1032966905	40.2578	9.42E-05	p	bTaeGut1
6	1880587	1032964574	40.6163	8.68E-05	p	bTaeGut1
7	1755508	1032962913	40.9155	8.10E-05	p	bTaeGut1
8	1652209	1032961567	41.1791	7.62E-05	p	bTaeGut1
9	1566952	1032960516	41.4093	7.23E-05	p	bTaeGut1
10	1494030	1032959426	41.6164	6.89E-05	p	bTaeGut1
11	1435935	1032958457	41.7888	6.62E-05	p	bTaeGut1
12	1389465	1032957751	41.9318	6.41E-05	p	bTaeGut1
13	1353329	1032956817	42.0463	6.24E-05	p	bTaeGut1
14	1322893	1032956460	42.1451	6.10E-05	p	bTaeGut1
15	1297181	1032955641	42.2304	5.98E-05	p	bTaeGut1
16	1277759	1032954845	42.296	5.89E-05	p	bTaeGut1
17	1263759	1032953972	42.3438	5.83E-05	p	bTaeGut1
18	1253968	1032953562	42.3776	5.78E-05	p	bTaeGut1
19	1247612	1032952745	42.3997	5.75E-05	p	bTaeGut1
20	1245486	1032951935	42.4071	5.74E-05	p	bTaeGut1
21	1244874	1032951343	42.4092	5.74E-05	p	bTaeGut1
22	1246122	1032950635	42.4049	5.75E-05	p	bTaeGut1
23	1249302	1032949942	42.3938	5.76E-05	p	bTaeGut1
24	1253777	1032949259	42.3783	5.78E-05	p	bTaeGut1
25	1258970	1032948421	42.3603	5.81E-05	p	bTaeGut1
26	1265957	1032947726	42.3363	5.84E-05	p	bTaeGut1
27	1273963	1032947009	42.3089	5.88E-05	p	bTaeGut1
28	1282604	1032946426	42.2795	5.92E-05	p	bTaeGut1
29	1291756	1032946000	42.2486	5.96E-05	p	bTaeGut1
30	1301072	1032945032	42.2173	6.00E-05	p	bTaeGut1
31	1311405	1032944387	42.183	6.05E-05	p	bTaeGut1
32	1323012	1032943732	42.1447	6.10E-05	p	bTaeGut1
33	1333693	1032942929	42.1097	6.15E-05	p	bTaeGut1
34	1344823	1032942236	42.0736	6.20E-05	p	bTaeGut1
35	1355817	1032941514	42.0382	6.25E-05	p	bTaeGut1
36	1367544	1032940723	42.0008	6.31E-05	p	bTaeGut1
37	1378664	1032939963	41.9656	6.36E-05	p	bTaeGut1
38	1390878	1032939224	41.9273	6.42E-05	p	bTaeGut1
39	1403736	1032938603	41.8873	6.48E-05	p	bTaeGut1
40	1416093	1032938478	41.8492	6.53E-05	p	bTaeGut1
41	1428473	1032937632	41.8114	6.59E-05	p	bTaeGut1
42	1441156	1032936944	41.7729	6.65E-05	p	bTaeGut1
43	1453355	1032936511	41.7363	6.70E-05	p	bTaeGut1
44	1466221	1032935942	41.698	6.76E-05	p	bTaeGut1
45	1479509	1032935256	41.6588	6.83E-05	p	bTaeGut1
46	1492290	1032934693	41.6214	6.88E-05	p	bTaeGut1
47	1504556	1032933861	41.5858	6.94E-05	p	bTaeGut1
48	1517127	1032933148	41.5497	7.00E-05	p	bTaeGut1
49	1530004	1032932388	41.5129	7.06E-05	p	bTaeGut1
50	1543140	1032930362	41.4758	7.12E-05	p	bTaeGut1
51	1556353	1032930194	41.4387	7.18E-05	p	bTaeGut1
52	1569500	1032929429	41.4021	7.24E-05	p	bTaeGut1
53	1582712	1032928806	41.3657	7.30E-05	p	bTaeGut1
54	1596163	1032928621	41.3289	7.36E-05	p	bTaeGut1
55	1610603	1032927774	41.2898	7.43E-05	p	bTaeGut1
56	1622700	1032927236	41.2573	7.49E-05	p	bTaeGut1
57	1635241	1032926862	41.2238	7.54E-05	p	bTaeGut1
58	1647844	1032926238	41.1904	7.60E-05	p	bTaeGut1
59	1661583	1032925776	41.1543	7.67E-05	p	bTaeGut1
60	1675482	1032925430	41.1181	7.73E-05	p	bTaeGut1
61	1689138	1032924910	41.0828	7.79E-05	p	bTaeGut1
62	1702353	1032924307	41.049	7.85E-05	p	bTaeGut1
63	1716048	1032923604	41.0141	7.92E-05	p	bTaeGut1
64	1728846	1032922996	40.9818	7.98E-05	p	bTaeGut1
65	1742658	1032922727	40.9473	8.04E-05	p	bTaeGut1
66	1756283	1032922253	40.9134	8.10E-05	p	bTaeGut1
67	1769860	1032921685	40.8799	8.17E-05	p	bTaeGut1
68	1783007	1032921190	40.8478	8.23E-05	p	bTaeGut1
69	1796530	1032920674	40.8149	8.29E-05	p	bTaeGut1
70	1811278	1032920078	40.7794	8.36E-05	p	bTaeGut1
71	1825139	1032919745	40.7462	8.42E-05	p	bTaeGut1
72	1838912	1032919077	40.7136	8.48E-05	p	bTaeGut1
73	1853730	1032918561	40.6787	8.55E-05	p	bTaeGut1
74	1868425	1032917941	40.6444	8.62E-05	p	bTaeGut1
75	1882347	1032917297	40.6121	8.69E-05	p	bTaeGut1
76	1896480	1032916695	40.5796	8.75E-05	p	bTaeGut1
77	1910982	1032916242	40.5464	8.82E-05	p	bTaeGut1
78	1925165	1032915117	40.5143	8.88E-05	p	bTaeGut1
79	1938830	1032914286	40.4836	8.95E-05	p	bTaeGut1
80	1953728	1032914091	40.4503	9.02E-05	p	bTaeGut1
81	1968475	1032913331	40.4176	9.08E-05	p	bTaeGut1
82	1982748	1032912893	40.3862	9.15E-05	p	bTaeGut1
83	1997163	1032912408	40.3547	9.22E-05	p	bTaeGut1
84	2012198	1032912099	40.3221	9.29E-05	p	bTaeGut1
85	2026836	1032911650	40.2906	9.35E-05	p	bTaeGut1
86	2041479	1032911092	40.2593	9.42E-05	p	bTaeGut1
87	2056215	1032910430	40.228	9.49E-05	p	bTaeGut1
88	2070472	1032910003	40.198	9.55E-05	p	bTaeGut1
89	2084433	1032909216	40.1688	9.62E-05	p	bTaeGut1
90	2099233	1032908671	40.138	9.69E-05	p	bTaeGut1
91	2114970	1032908355	40.1055	9.76E-05	p	bTaeGut1
92	2129267	1032907768	40.0762	9.83E-05	p	bTaeGut1
93	2144241	1032907412	40.0458	9.90E-05	p	bTaeGut1
0	3372808	887140187	37.4143	0.000181371	a	bTaeGut1
1	3372807	887140187	37.4143	0.000181371	a	bTaeGut1
2	3372537	887140175	37.4147	1.81E-04	a	bTaeGut1
3	3361353	887139397	37.4291	1.81E-04	a	bTaeGut1
4	3129884	887133878	37.7395	1.68E-04	a	bTaeGut1
5	2816408	887128599	38.1985	0.000151407	a	bTaeGut1
6	2589617	887125544	38.5636	0.000139199	a	bTaeGut1
7	2411478	887123891	38.8736	0.000129611	a	bTaeGut1
8	2265649	887122015	39.1448	0.000121764	a	bTaeGut1
9	2141558	887120938	39.3897	0.000115087	a	bTaeGut1
10	2036827	887119704	39.6077	0.000109453	a	bTaeGut1
11	1951278	887118519	39.7943	0.000104851	a	bTaeGut1
12	1881406	887117739	39.9528	0.000101093	a	bTaeGut1
13	1824731	887117073	40.0858	9.80E-05	a	bTaeGut1
14	1774666	887116397	40.2067	9.54E-05	a	bTaeGut1
15	1733081	887115437	40.3098	9.31E-05	a	bTaeGut1
16	1701584	887114795	40.3895	9.14E-05	a	bTaeGut1
17	1676630	887113943	40.4537	9.01E-05	a	bTaeGut1
18	1656236	887113554	40.5069	8.90E-05	a	bTaeGut1
19	1642344	887112825	40.5435	8.82E-05	a	bTaeGut1
20	1631677	887112217	40.5718	8.77E-05	a	bTaeGut1
21	1624939	887111547	40.5898	8.73E-05	a	bTaeGut1
22	1621231	887111114	40.5997	8.71E-05	a	bTaeGut1
23	1617831	887110671	40.6089	8.69E-05	a	bTaeGut1
24	1619065	887110023	40.6055	8.70E-05	a	bTaeGut1
25	1620707	887109438	40.6011	8.71E-05	a	bTaeGut1
26	1624242	887108901	40.5917	8.73E-05	a	bTaeGut1
27	1629194	887108228	40.5784	8.75E-05	a	bTaeGut1
28	1634678	887107618	40.5638	8.78E-05	a	bTaeGut1
29	1641307	887106965	40.5462	8.82E-05	a	bTaeGut1
30	1648084	887106289	40.5283	8.85E-05	a	bTaeGut1
31	1656565	887105809	40.506	8.90E-05	a	bTaeGut1
32	1664491	887105294	40.4852	8.94E-05	a	bTaeGut1
33	1672444	887104591	40.4645	8.99E-05	a	bTaeGut1
34	1682105	887104295	40.4395	9.04E-05	a	bTaeGut1
35	1691806	887103714	40.4145	9.09E-05	a	bTaeGut1
36	1701049	887103114	40.3908	9.14E-05	a	bTaeGut1
37	1709724	887102306	40.3687	9.19E-05	a	bTaeGut1
38	1720508	887101674	40.3413	9.24E-05	a	bTaeGut1
39	1731860	887101076	40.3128	9.31E-05	a	bTaeGut1
40	1742575	887100455	40.2859	9.36E-05	a	bTaeGut1
41	1752132	887100035	40.2622	9.41E-05	a	bTaeGut1
42	1762864	887099552	40.2356	9.47E-05	a	bTaeGut1
43	1772910	887098940	40.2109	9.53E-05	a	bTaeGut1
44	1785319	887098369	40.1806	9.59E-05	a	bTaeGut1
45	1797003	887097846	40.1522	9.66E-05	a	bTaeGut1
46	1807890	887097435	40.126	9.71E-05	a	bTaeGut1
47	1819960	887096916	40.097	9.78E-05	a	bTaeGut1
48	1831160	887096312	40.0704	9.84E-05	a	bTaeGut1
49	1842701	887095794	40.043	9.90E-05	a	bTaeGut1
50	1853909	887095271	40.0167	9.96E-05	a	bTaeGut1
51	1865715	887094739	39.9891	1.00E-04	a	bTaeGut1
52	1878512	887094274	39.9594	1.01E-04	a	bTaeGut1
53	1890475	887093764	39.9318	1.02E-04	a	bTaeGut1
54	1902627	887093318	39.9039	1.02E-04	a	bTaeGut1
55	1913216	887092840	39.8798	1.03E-04	a	bTaeGut1
56	1925167	887092275	39.8527	0.00010345	a	bTaeGut1
57	1936993	887091896	39.8261	0.000104086	a	bTaeGut1
58	1948804	887091277	39.7996	0.000104721	a	bTaeGut1
59	1960328	887090541	39.774	0.000105341	a	bTaeGut1
60	1971323	887089738	39.7497	0.000105933	a	bTaeGut1
61	1982881	887089190	39.7243	0.000106555	a	bTaeGut1
62	1995166	887088682	39.6974	0.000107216	a	bTaeGut1
63	2006759	887087824	39.6722	0.000107839	a	bTaeGut1
64	2018212	887087530	39.6475	0.000108456	a	bTaeGut1
65	2030723	887086903	39.6206	0.000109129	a	bTaeGut1
66	2042925	887086373	39.5946	0.000109785	a	bTaeGut1
67	2055097	887085822	39.5687	0.00011044	a	bTaeGut1
68	2067038	887085408	39.5435	0.000111083	a	bTaeGut1
69	2079443	887084467	39.5175	0.00011175	a	bTaeGut1
70	2091712	887084055	39.4919	0.00011241	a	bTaeGut1
71	2102918	887083856	39.4687	0.000113013	a	bTaeGut1
72	2115392	887083377	39.443	0.000113684	a	bTaeGut1
73	2127548	887082526	39.4181	0.000114339	a	bTaeGut1
74	2140311	887082143	39.3921	0.000115025	a	bTaeGut1
75	2151954	887081752	39.3685	0.000115652	a	bTaeGut1
76	2164974	887081780	39.3423	0.000116352	a	bTaeGut1
77	2177151	887081241	39.3179	0.000117008	a	bTaeGut1
78	2188735	887080962	39.2948	0.000117631	a	bTaeGut1
79	2201626	887079945	39.2692	0.000118325	a	bTaeGut1
80	2214483	887079207	39.2439	0.000119017	a	bTaeGut1
81	2226501	887078685	39.2204	0.000119663	a	bTaeGut1
82	2239223	887078260	39.1956	0.000120348	a	bTaeGut1
83	2251425	887077901	39.172	0.000121005	a	bTaeGut1
84	2263377	887077380	39.149	0.000121648	a	bTaeGut1
85	2275249	887077063	39.1262	0.000122287	a	bTaeGut1
86	2287524	887076661	39.1028	0.000122947	a	bTaeGut1
87	2299869	887076175	39.0794	0.000123612	a	bTaeGut1
88	2312255	887075719	39.056	0.000124278	a	bTaeGut1
89	2324243	887075403	39.0336	0.000124924	a	bTaeGut1
90	2336162	887074611	39.0113	0.000125565	a	bTaeGut1
91	2349035	887074109	38.9874	0.000126258	a	bTaeGut1
92	2360621	887073869	38.966	0.000126881	a	bTaeGut1
93	2373409	887073486	38.9425	0.00012757	a	bTaeGut1